City Name,Cloudiness (%),Country,Date,Humidity (%),Latitude,Longitude,Max Temperature (F),Wind Speed (mph)
albany,90,US,1527803940,69,42.65,-73.75,73.4,11.41
busselton,80,AU,1527807041,100,-33.64,115.35,55.22,3.6
geraldton,90,CA,1527804000,93,49.72,-86.95,42.8,13.87
carnarvon,0,ZA,1527806915,73,-30.97,22.13,35.6,14.67
labuhan,80,ID,1527807042,94,-2.54,115.51,74.03,1.48
kampot,76,KH,1527807042,92,10.62,104.18,78.35,4.16
xam nua,48,LA,1527807042,93,20.42,104.04,69.53,2.37
yaan,48,NG,1527807043,88,7.38,8.57,77.18,11.1
jinchang,92,CN,1527806939,45,38.52,102.19,59.9,4.16
kholtoson,48,RU,1527807043,78,50.3,103.31,59.0,3.49
vanavara,44,RU,1527807043,70,60.35,102.28,57.65,6.85
khatanga,92,RU,1527806873,100,71.98,102.47,35.33,14.0
port elizabeth,20,US,1527804120,78,39.31,-74.98,80.6,6.93
port alfred,0,ZA,1527806981,89,-33.59,26.89,61.7,12.66
east london,0,ZA,1527806848,100,-33.02,27.91,70.07,17.69
richards bay,0,ZA,1527806956,84,-28.77,32.06,62.24,6.4
quelimane,0,MZ,1527807044,87,-17.88,36.89,61.7,2.82
liwale,0,TZ,1527807044,73,-9.8,37.92,68.9,4.61
nanyuki,48,KE,1527807045,99,0.01,37.07,49.91,3.15
shambu,92,ET,1527807045,94,9.57,37.1,57.38,1.7
sawakin,8,SD,1527807045,78,19.1,37.33,77.99,4.27
bayir,40,TR,1527805200,82,37.27,28.22,66.2,2.24
sivas,40,TR,1527803400,93,39.75,37.01,50.0,2.71
prykolotne,0,UA,1527807046,39,50.16,37.35,51.8,12.44
kaduy,0,RU,1527807046,56,59.2,37.15,38.3,8.08
hobart,75,AU,1527805800,81,-42.88,147.33,42.8,8.05
new norfolk,75,AU,1527805800,81,-42.78,147.06,42.8,8.05
mount gambier,24,AU,1527807047,83,-37.83,140.78,46.4,4.83
port augusta,48,AU,1527804000,93,-32.49,137.76,39.2,1.12
mount isa,0,AU,1527804000,21,-20.73,139.49,59.0,6.93
nhulunbuy,75,AU,1527804000,69,-12.18,136.78,77.0,9.17
biak,88,ID,1527807048,100,-0.91,122.88,75.11,4.94
airai,8,TL,1527807048,86,-8.93,125.41,71.87,2.37
nishihara,1,JP,1527804000,49,35.74,139.53,69.8,10.29
shingu,80,JP,1527806907,98,33.72,135.99,67.73,10.54
ryotsu,75,JP,1527804000,82,38.08,138.43,60.8,14.99
amursk,8,RU,1527807049,40,50.23,136.9,67.19,5.39
solnechnyy,64,RU,1527806972,48,50.72,136.64,67.64,3.94
ust-kuyga,32,RU,1527807049,81,70.0,135.55,45.5,3.27
punta arenas,75,CL,1527804000,65,-53.16,-70.91,44.6,14.99
rikitea,0,PF,1527807050,100,-23.12,-134.97,76.1,3.6
san patricio,92,PY,1527806852,100,-26.98,-56.83,65.93,2.71
cabo san lucas,5,MX,1527803160,18,22.89,-109.91,93.2,8.05
san felipe,75,CL,1527804000,53,-32.75,-70.73,50.0,9.17
west wendover,1,US,1527803760,36,40.74,-114.07,77.0,13.44
blairmore,90,CA,1527805980,87,49.61,-114.44,51.8,11.41
hay river,20,CA,1527804000,49,60.82,-115.79,46.4,16.11
yellowknife,20,CA,1527804000,24,62.45,-114.38,48.2,11.41
saint-philippe,90,CA,1527804900,65,45.36,-73.48,78.8,13.87
souillac,90,FR,1527805800,93,45.6,-0.6,60.8,4.7
victoria,75,BN,1527805800,100,5.28,115.24,75.2,16.02
kavaratti,92,IN,1527807054,100,10.57,72.64,79.97,13.22
sur,0,OM,1527807054,78,22.57,59.53,88.43,4.94
seydi,0,NE,1527807054,56,13.34,7.75,80.33,8.3
gari,92,RU,1527807055,99,59.43,62.35,38.21,5.5
ushuaia,20,AR,1527804000,70,-54.81,-68.31,42.8,31.09
cape town,75,ZA,1527804000,82,-33.93,18.42,59.0,35.57
jamestown,32,AU,1527807056,85,-33.21,138.6,45.32,5.73
georgetown,75,GY,1527804000,94,6.8,-58.16,77.0,6.93
monrovia,92,LR,1527807057,96,6.33,-10.8,76.55,3.04
boffa,24,GN,1527807057,79,10.18,-14.04,77.9,7.4
atar,92,MR,1527807057,50,20.52,-13.05,80.15,4.61
teguise,75,ES,1527805800,72,29.06,-13.56,66.2,17.22
peniche,20,PT,1527805800,82,39.36,-9.38,57.2,5.82
dingle,68,PH,1527807058,100,11.0,122.67,77.54,2.93
hofn,0,IS,1527807058,94,64.25,-15.21,47.75,6.62
husavik,20,CA,1527807004,70,50.56,-96.99,64.85,13.22
atuona,8,PF,1527807059,100,-9.8,-139.03,79.88,14.45
hilo,75,US,1527806580,88,19.71,-155.08,73.4,11.41
fortuna,0,ES,1527805800,93,38.18,-1.13,66.2,2.93
sitka,0,US,1527807060,56,37.17,-99.65,86.09,10.42
haines junction,0,CA,1527807060,27,60.75,-137.51,49.55,2.59
aklavik,75,CA,1527804000,47,68.22,-135.01,69.8,11.41
tuktoyaktuk,75,CA,1527804000,86,69.44,-133.03,59.0,3.36
ballitoville,0,ZA,1527807061,66,-29.54,31.21,62.42,4.94
chipinge,0,ZW,1527807062,88,-20.19,32.62,53.15,2.59
mungwi,0,ZM,1527807062,63,-10.17,31.37,55.76,6.29
lukaya,20,UG,1527805800,94,-0.15,31.87,68.0,2.24
marawi,76,PH,1527807062,100,8.0,124.29,72.32,3.15
suez,0,EG,1527807063,80,29.97,32.54,66.47,2.71
bolu,80,TR,1527807063,87,40.73,31.61,46.4,0.36
drabiv,0,UA,1527807063,37,49.96,32.14,58.73,13.22
novaya ladoga,0,RU,1527807063,75,60.11,32.31,38.57,2.93
pechenga,12,RU,1527807064,56,58.89,41.46,38.12,13.22
berlevag,92,NO,1527806983,97,70.86,29.09,43.79,3.27
castro,20,CL,1527807064,100,-42.48,-73.76,38.21,6.29
ancud,0,CL,1527806918,92,-41.87,-73.83,37.94,5.73
lebu,8,ET,1527806922,96,8.96,38.73,51.44,2.82
pisco,0,PE,1527804000,88,-13.71,-76.2,64.4,10.29
san cristobal,40,EC,1527804000,59,-0.39,-78.55,64.4,11.41
puerto ayora,75,EC,1527804000,65,-0.74,-90.35,78.8,17.22
acajutla,40,SV,1527803400,84,13.59,-89.83,89.6,6.93
campeche,90,MX,1527803040,58,19.84,-90.54,86.0,23.04
laplace,40,US,1527804900,52,30.07,-90.48,91.4,6.93
jacksonville,1,US,1527806100,74,30.33,-81.66,89.6,16.11
sioux lookout,90,CA,1527804000,76,50.1,-91.92,53.6,9.17
thompson,90,CA,1527804000,48,55.74,-97.86,48.2,12.75
qaanaaq,44,GL,1527806878,100,77.48,-69.36,30.65,3.04
chinsali,0,ZM,1527807068,58,-10.55,32.07,60.08,8.63
ankara,40,TR,1527805200,76,39.92,32.85,57.2,9.17
miandrivazo,0,MG,1527807070,87,-19.53,45.46,55.31,2.59
najran,0,SA,1527804000,26,17.54,44.22,82.4,6.93
doha,0,QA,1527804000,52,25.29,51.53,89.6,1.12
jermuk,0,AM,1527807071,94,39.84,45.67,39.29,1.03
kamyshin,0,RU,1527807071,57,50.08,45.4,52.7,15.01
kichmengskiy gorodok,44,RU,1527807071,55,59.99,45.81,36.5,9.75
mezen,64,RU,1527806987,72,65.85,44.24,33.98,6.85
betafo,8,MG,1527807072,80,-19.84,46.86,38.48,2.71
mogadishu,36,SO,1527806985,100,2.04,45.34,78.62,15.79
xocali,20,AZ,1527807073,82,39.91,46.79,55.58,2.93
pallasovka,44,RU,1527807070,66,50.04,46.89,50.72,15.35
podosinovets,80,RU,1527807073,49,60.28,47.06,37.13,9.75
rawson,0,AR,1527807074,83,-43.3,-65.11,27.86,2.82
mar del plata,0,AR,1527806852,100,-46.43,-67.52,27.59,4.27
quarai,88,BR,1527807074,100,-30.39,-56.45,58.46,15.68
miranda,40,CO,1527804000,55,3.25,-76.23,86.0,11.41
alta floresta,0,BR,1527807075,62,-9.87,-56.08,79.61,3.15
oriximina,8,BR,1527807075,80,-1.77,-55.87,79.43,4.38
codrington,0,AU,1527806901,67,-28.95,153.24,57.2,4.16
saint george,0,GR,1527803400,72,39.45,22.34,60.8,5.82
saint-pierre,76,FR,1527805800,87,48.95,4.24,62.6,16.11
springdale,90,US,1527803880,70,36.19,-94.13,84.2,11.41
nuuk,92,GL,1527803400,80,64.17,-51.74,39.2,47.2
upernavik,76,GL,1527806856,85,72.79,-56.15,34.88,4.38
necochea,56,AR,1527807077,81,-38.55,-58.74,46.67,12.55
bella union,0,CO,1527807078,63,8.5,-73.35,75.47,3.38
ladario,68,PT,1527807078,98,40.7,-7.74,49.1,2.59
terra santa,0,BR,1527807078,83,-2.1,-56.49,79.43,2.59
mabaruma,92,GY,1527807078,90,8.2,-59.78,78.53,6.85
deer lake,90,CA,1527804000,34,49.18,-57.43,64.4,9.17
portland,75,US,1527803580,51,45.52,-122.67,62.6,4.7
port lincoln,68,AU,1527806851,96,-34.72,135.86,55.76,14.45
flinders,75,AU,1527804000,58,-34.58,150.85,53.6,17.22
alice springs,0,AU,1527804000,45,-23.7,133.88,32.0,8.05
maningrida,0,AU,1527807080,68,-12.05,134.23,78.98,15.68
manokwari,48,ID,1527807081,100,-0.87,134.08,80.69,2.93
muroto,75,JP,1527804000,56,33.37,134.14,68.0,12.75
preobrazheniye,0,RU,1527807081,86,42.9,133.91,60.8,2.37
litovko,0,RU,1527807082,26,49.24,135.18,76.91,3.15
ust-maya,80,RU,1527807082,59,60.42,134.54,57.2,9.08
luang prabang,48,LA,1527807083,95,19.89,102.14,72.5,2.37
mataura,0,NZ,1527806856,78,-46.19,168.86,38.84,4.16
moerai,76,PF,1527807085,100,-22.43,-151.33,78.62,10.76
faanui,68,PF,1527807083,100,-16.48,-151.75,81.68,10.76
kahului,40,US,1527805260,69,20.89,-156.47,82.4,18.34
kodiak,20,US,1527803580,36,39.95,-94.76,93.2,5.82
homer,90,US,1527803580,54,59.64,-151.54,53.6,6.93
barrow,24,AR,1527806866,75,-38.31,-60.23,44.15,8.86
burnie,0,AU,1527807087,100,-41.05,145.91,51.35,5.17
broken hill,12,AU,1527807088,86,-31.97,141.45,47.75,6.4
charters towers,0,AU,1527807088,68,-20.07,146.27,55.76,8.08
daru,88,SL,1527807088,94,7.99,-10.85,74.66,5.28
lorengau,64,PG,1527807088,100,-2.02,147.27,80.42,4.61
tateyama,75,JP,1527804000,82,36.66,137.31,62.6,2.24
katsuura,20,JP,1527804000,88,33.93,134.5,62.6,5.82
kushiro,75,JP,1527804000,76,43.11,144.15,51.8,16.11
poronaysk,0,RU,1527807089,77,49.22,143.1,58.28,5.17
okhotsk,8,RU,1527806997,55,59.36,143.24,54.77,3.6
belaya gora,0,RU,1527807090,79,68.54,146.19,40.1,9.53
chokurdakh,8,RU,1527807090,100,70.62,147.9,29.66,7.18
avarua,75,CK,1527804000,83,-21.21,-159.78,78.8,4.7
alofi,40,NU,1527804000,83,-19.06,-169.92,77.0,18.34
makakilo city,75,US,1527803760,61,21.35,-158.09,84.2,9.17
kapaa,75,US,1527803580,69,22.08,-159.32,80.6,14.99
bethel,90,US,1527803460,57,60.79,-161.76,50.0,4.7
nome,40,US,1527804900,59,30.04,-94.42,91.4,12.75
valdivia,20,CL,1527804000,87,-39.81,-73.25,42.8,3.36
coquimbo,40,CL,1527804000,76,-29.95,-71.34,55.4,9.17
ilo,80,PE,1527807094,100,-17.65,-71.34,57.38,2.93
satipo,32,PE,1527807094,92,-11.26,-74.64,66.56,1.59
puerto leguizamo,0,CO,1527807094,93,-0.19,-74.78,76.73,2.15
bosconia,8,CO,1527807094,66,9.97,-73.89,81.05,1.7
baracoa,36,CU,1527807095,98,20.35,-74.5,79.25,10.98
marsh harbour,12,BS,1527807095,100,26.54,-77.06,79.07,11.1
point pleasant,90,US,1527806100,100,40.08,-74.07,78.8,4.7
chapais,90,CA,1527806400,61,49.78,-74.86,77.0,16.11
iqaluit,75,CA,1527804000,68,63.75,-68.52,30.2,6.93
clyde river,90,CA,1527805980,97,70.47,-68.59,32.0,12.75
mahanoro,12,MG,1527807100,100,-19.9,48.8,65.12,2.04
ambilobe,12,MG,1527807100,84,-13.19,49.05,65.57,4.61
bandarbeyla,64,SO,1527807100,86,9.49,50.81,78.71,23.06
abu samrah,0,SY,1527807101,79,35.3,37.18,65.39,6.73
puta,75,AZ,1527804000,88,40.3,49.66,64.4,9.17
ozinki,92,RU,1527807101,62,51.2,49.73,48.65,12.77
letka,20,BA,1527805800,82,43.74,17.27,68.0,4.7
hermanus,92,ZA,1527807012,98,-34.42,19.24,55.49,19.15
harper,1,US,1527804900,30,30.3,-99.24,96.8,14.99
faranah,8,GN,1527807103,90,10.04,-10.74,71.6,1.59
tiznit,0,MA,1527807103,91,29.7,-9.73,61.7,6.4
merauke,8,ID,1527807105,74,-8.49,140.4,83.03,16.24
vanimo,68,PG,1527807105,100,-2.67,141.3,79.16,9.64
naze,12,NG,1527807105,95,5.43,7.07,74.3,5.61
shimoda,56,JP,1527807106,97,34.7,138.93,68.27,13.56
oga,56,NG,1527807106,95,8.18,5.65,72.05,9.53
vysokogornyy,92,RU,1527807106,45,50.1,139.13,61.88,3.04
deputatskiy,64,RU,1527807106,77,69.3,139.9,42.53,3.94
cidreira,88,BR,1527806865,95,-30.17,-50.22,63.77,5.17
arraial do cabo,0,BR,1527807014,96,-22.97,-42.02,71.33,16.91
oussouye,0,SN,1527807108,96,12.49,-16.54,72.86,9.08
nouadhibou,0,MR,1527804000,68,20.93,-17.03,69.8,12.75
los llanos de aridane,0,ES,1527805800,68,28.66,-17.92,64.4,11.41
vila franca do campo,20,PT,1527805800,82,37.72,-25.43,64.4,8.05
vestmannaeyjar,0,IS,1527807109,93,63.44,-20.27,45.68,10.2
guerrero negro,0,MX,1527807110,68,27.97,-114.04,69.35,14.45
lompoc,1,US,1527806100,45,34.64,-120.46,68.0,18.34
sechelt,75,CA,1527804000,87,49.47,-123.76,64.4,11.41
fort nelson,75,CA,1527804000,47,58.81,-122.69,59.0,5.82
norman wells,75,CA,1527804000,35,65.28,-126.83,69.8,11.41
sechura,0,PE,1527807112,81,-5.56,-80.82,70.34,12.21
san rafael del sur,40,NI,1527804000,66,11.85,-86.44,87.8,6.93
felipe carrillo puerto,48,MX,1527807113,72,19.58,-88.05,83.03,8.3
pascagoula,20,US,1527803760,66,30.37,-88.56,87.8,6.62
champaign,75,US,1527804900,54,40.12,-88.24,84.2,10.29
chuy,92,UY,1527806902,98,-33.69,-53.46,59.99,17.81
caravelas,8,BR,1527807115,100,-17.73,-39.27,76.19,11.43
maragogi,44,BR,1527806965,94,-9.01,-35.22,73.13,6.73
touros,68,BR,1527806985,96,-5.2,-35.46,77.0,13.44
sao filipe,0,CV,1527806915,98,14.9,-24.5,72.23,10.42
ponta do sol,56,BR,1527806853,69,-20.63,-46.0,55.76,4.61
ribeira grande,68,PT,1527807115,96,38.52,-28.7,68.09,14.56
lagoa,0,PT,1527805800,68,37.14,-8.45,64.4,13.87
tasiilaq,88,GL,1527803400,97,65.61,-37.64,33.8,9.17
salalah,20,OM,1527803400,88,17.01,54.1,82.4,4.7
mirabad,0,IR,1527807118,38,28.27,61.33,59.81,2.71
gazojak,0,TM,1527807118,52,41.19,61.4,57.65,3.71
sosva,92,RU,1527807118,93,59.17,61.86,37.85,4.94
bluff,12,AU,1527807012,57,-23.58,149.07,56.93,6.96
te anau,0,NZ,1527807119,92,-45.41,167.72,39.65,2.93
vao,0,EE,1527807119,71,59.1,26.19,45.5,2.71
touho,0,NC,1527807119,56,-20.78,165.23,75.29,4.05
lata,24,IN,1527807120,76,30.78,78.62,52.07,1.59
butaritari,68,KI,1527807014,100,3.07,172.79,82.31,14.56
severo-kurilsk,0,RU,1527806942,92,50.68,156.12,42.08,0.36
nikolskoye,0,RU,1527804000,60,59.7,30.79,42.8,3.94
tilichiki,88,RU,1527807021,100,60.47,166.1,39.11,3.49
bilibino,80,RU,1527807121,70,68.06,166.44,43.16,4.38
pevek,8,RU,1527807121,83,69.7,170.27,37.31,18.48
san jeronimo,0,PE,1527807122,46,-13.65,-73.37,37.67,1.92
juchitlan,12,MX,1527807122,46,20.08,-104.1,83.75,3.15
ojinaga,0,US,1527807123,8,29.56,-104.41,104.72,3.27
fort morgan,1,US,1527806100,16,40.25,-103.8,87.8,14.99
weyburn,88,CA,1527807123,67,49.67,-103.85,63.41,13.44
la ronge,90,CA,1527804000,81,55.1,-105.3,48.2,13.87
constitucion,75,MX,1527802920,22,23.99,-104.67,95.0,17.22
san quintin,20,PH,1527804000,94,17.54,120.52,78.8,2.24
port hardy,40,CA,1527804000,54,50.7,-127.42,57.2,13.87
smithers,75,CA,1527804000,47,54.78,-127.17,55.4,19.46
teahupoo,40,PF,1527805800,58,-17.83,-149.27,84.2,6.93
sterling,90,US,1527806040,100,39.0,-77.4,82.4,10.29
college,40,US,1527803880,33,64.86,-147.8,62.6,3.36
tuatapere,0,NZ,1527807129,100,-46.13,167.69,48.56,2.93
byron bay,0,AU,1527804000,41,-28.65,153.62,60.8,8.05
poum,0,MK,1527807129,94,41.28,20.71,52.7,2.37
kirakira,32,SB,1527806971,100,-10.46,161.92,81.68,8.19
buala,44,SB,1527807130,83,-8.15,159.59,85.28,4.61
petropavlovsk-kamchatskiy,0,RU,1527804000,59,53.05,158.65,51.8,11.18
ossora,8,RU,1527807131,98,59.24,163.07,38.66,4.38
cherskiy,64,RU,1527807131,69,68.75,161.3,46.4,2.48
half moon bay,20,US,1527806400,71,37.46,-122.43,64.4,14.99
ketchikan,20,US,1527803760,44,55.34,-131.65,60.8,10.29
whitehorse,75,CA,1527804000,22,60.72,-135.06,57.2,12.75
bambous virieux,40,MU,1527804000,78,-20.34,57.76,71.6,4.7
hithadhoo,56,MV,1527807134,100,-0.6,73.08,83.93,15.12
hambantota,64,LK,1527807134,100,6.12,81.12,78.35,13.67
kharhial,0,IN,1527807134,85,20.28,82.77,76.1,3.6
jumla,0,NP,1527807135,85,29.28,82.18,33.08,2.15
oskemen,40,KZ,1527804000,80,49.96,82.61,41.0,5.84
togur,92,RU,1527807135,97,58.36,82.83,43.97,10.09
dikson,76,RU,1527806948,100,73.51,80.55,24.53,4.38
marolambo,92,MG,1527807136,98,-20.05,48.13,62.33,2.15
garowe,0,SO,1527807137,58,8.41,48.48,81.32,19.26
abadan,56,IR,1527804000,30,30.36,48.26,98.6,2.24
novouzensk,88,RU,1527807137,61,50.46,48.14,50.9,14.23
zarya,24,RU,1527807138,42,45.67,39.64,66.38,8.19
bredasdorp,92,ZA,1527804000,48,-34.53,20.04,62.6,16.11
plettenberg bay,0,ZA,1527807139,82,-34.05,23.37,63.95,19.48
de aar,0,ZA,1527807139,71,-30.65,24.01,28.94,7.52
maun,48,BW,1527807139,59,-19.99,23.42,59.45,3.15
luau,0,CD,1527807139,58,-10.7,22.23,63.68,4.16
yangambi,20,CD,1527807140,92,0.77,24.47,74.3,4.83
birao,24,CF,1527807140,89,10.3,22.78,74.93,4.61
faya,0,SA,1527804000,43,18.39,42.45,75.2,2.48
polikhronon,0,GR,1527807140,91,40.02,23.53,68.9,0.92
starychi,0,UA,1527804000,77,49.97,23.55,60.8,6.71
alta,76,NO,1527805200,81,69.97,23.27,48.2,5.39
longyearbyen,75,NO,1527803400,98,78.22,15.63,37.4,2.24
padang,44,ID,1527807142,100,-0.92,100.36,84.2,6.29
batticaloa,12,LK,1527807143,100,7.71,81.69,81.41,6.62
banepa,75,NP,1527803400,93,27.63,85.52,64.4,1.7
onguday,24,RU,1527807143,65,50.75,86.14,36.59,1.92
belyy yar,0,RU,1527804000,70,53.6,91.39,44.6,8.95
dudinka,48,RU,1527807144,100,69.41,86.18,30.2,6.4
mahebourg,40,MU,1527804000,78,-20.41,57.7,71.6,4.7
thinadhoo,36,MV,1527807055,100,0.53,72.93,81.95,13.89
kodinar,0,IN,1527807145,94,20.79,70.7,74.84,4.61
dera ghazi khan,0,PK,1527807146,46,30.03,70.64,77.72,10.76
shurob,0,TJ,1527807146,73,40.05,70.55,48.47,1.81
astana,0,KZ,1527804000,50,51.13,71.43,53.6,15.66
gornopravdinsk,92,RU,1527807129,97,60.06,69.92,48.02,4.94
yar-sale,88,RU,1527806988,95,66.83,70.83,32.9,22.84
deolali,64,IN,1527807148,97,19.94,73.86,73.58,4.27
ganganagar,12,IN,1527807148,95,16.78,77.13,70.7,3.49
aktau,0,KZ,1527804000,88,43.65,51.16,64.4,6.71
surgut,40,RU,1527804000,81,61.25,73.4,51.8,11.18
pangody,80,RU,1527807149,94,65.85,74.49,33.8,20.49
nanakuli,75,US,1527803760,69,21.39,-158.15,84.2,12.75
batemans bay,92,AU,1527807151,92,-35.71,150.18,53.96,12.77
coffs harbour,12,AU,1527805800,51,-30.3,153.13,60.8,14.99
yeppoon,0,AU,1527804000,44,-23.13,150.74,57.2,8.05
gizo,40,IL,1527805200,78,31.8,34.94,71.6,3.36
namatanai,64,PG,1527807005,100,-3.66,152.44,81.23,4.94
kavieng,68,PG,1527807152,100,-2.57,150.8,79.43,8.63
hasaki,20,JP,1527804000,68,35.73,140.83,68.0,8.05
talaya,92,RU,1527807153,92,55.79,84.89,48.29,13.22
srednekolymsk,20,RU,1527807153,64,67.46,153.71,41.0,7.4
uruguaiana,90,BR,1527804000,100,-29.77,-57.08,64.4,6.93
rio bueno,75,JM,1527806160,83,18.47,-77.46,80.6,6.93
iquique,20,CL,1527804000,72,-20.22,-70.14,62.6,18.34
porto walter,0,BR,1527807159,92,-8.27,-72.74,77.09,1.81
miraflores,32,CO,1527807159,95,5.2,-73.14,53.78,1.7
machiques,12,VE,1527807159,73,10.06,-72.55,74.57,5.28
sayville,90,US,1527804060,93,40.74,-73.08,68.0,11.41
normandin,75,CA,1527804000,29,48.84,-72.53,87.8,17.22
kruisfontein,0,ZA,1527807161,72,-34.0,24.73,60.98,14.0
colesberg,0,ZA,1527807073,61,-30.72,25.1,30.65,7.18
gweta,12,BW,1527807161,67,-20.21,25.26,58.28,3.04
bukama,0,CD,1527807162,64,-9.2,25.85,67.01,4.16
kisangani,12,CD,1527807162,96,0.52,25.21,74.03,1.48
kutum,8,SD,1527807053,71,14.2,24.66,72.95,10.98
brody,0,UA,1527807163,34,50.08,25.14,67.28,10.31
helsinki,0,FI,1527805200,71,60.17,24.94,50.0,5.82
lakselv,92,NO,1527805200,93,70.05,24.96,48.2,2.24
havoysund,75,NO,1527805200,65,71.0,24.66,46.4,11.41
tautira,40,PF,1527805800,58,-17.73,-149.15,84.2,6.93
saldanha,68,PT,1527807166,84,41.42,-6.55,51.98,3.27
takoradi,0,GH,1527807167,100,4.89,-1.75,79.61,7.18
araouane,92,ML,1527807167,17,18.9,-3.53,92.3,0.69
adrar,40,DZ,1527804000,10,27.87,-0.29,91.4,23.04
cuenca,48,ES,1527806947,80,40.07,-2.13,51.71,2.82
cherbourg,0,AU,1527807167,59,-26.29,151.95,54.05,12.66
klaksvik,8,FO,1527803400,93,62.23,-6.59,46.4,6.93
ulladulla,75,AU,1527804000,58,-35.36,150.48,53.6,17.22
ballina,24,IE,1527807169,83,54.11,-9.15,62.33,2.04
tigil,92,RU,1527807170,98,57.8,158.67,42.17,17.47
vila velha,0,BR,1527804000,74,-3.71,-38.6,82.4,8.05
praia,0,BR,1527804000,55,-20.25,-43.81,66.2,3.36
praia da vitoria,20,PT,1527804000,93,38.73,-27.07,66.2,16.46
grindavik,90,IS,1527804000,86,63.84,-22.43,42.8,6.93
boyolangu,36,ID,1527807175,83,-8.09,111.9,69.53,4.38
sri aman,88,MY,1527804000,94,1.24,111.46,75.2,3.04
qiongshan,0,CN,1527804000,94,20.01,110.35,80.6,2.24
zhicheng,8,CN,1527807176,66,35.04,112.59,75.29,3.71
hohhot,0,CN,1527804000,47,40.81,111.65,57.2,4.47
vitim,8,RU,1527807177,76,59.44,112.57,62.87,3.15
saskylakh,80,RU,1527806983,94,71.97,114.09,38.75,15.9
esperance,40,TT,1527804000,74,10.24,-61.45,82.4,11.41
broome,76,GB,1527805440,100,52.47,1.45,60.8,2.24
kupang,12,ID,1527807027,84,-10.16,123.6,81.68,13.11
gorontalo,92,ID,1527807179,92,0.54,123.06,75.65,2.04
caliling,32,PH,1527807179,100,9.98,122.48,81.23,1.14
basco,1,US,1527806100,54,40.33,-91.2,84.2,10.29
shenjiamen,12,CN,1527807179,97,29.96,122.3,68.27,11.77
xiongyue,0,CN,1527807179,28,40.18,122.12,80.51,4.05
genhe,0,CN,1527807180,63,50.78,121.52,72.5,4.16
nizhniy kuranakh,0,RU,1527807180,64,58.84,125.49,59.99,3.38
zhigansk,92,RU,1527806952,72,66.77,123.37,47.03,5.61
tiksi,48,RU,1527806901,100,71.64,128.87,30.65,4.5
payakumbuh,64,ID,1527807181,82,-0.23,100.63,73.22,2.26
lang suan,92,TH,1527807182,100,9.95,99.07,75.65,1.81
chiang rai,20,TH,1527804000,100,19.9,99.84,75.2,2.24
tezu,32,IN,1527807046,84,27.93,96.16,65.03,1.81
jiuquan,56,CN,1527807075,42,39.73,98.49,56.66,4.16
moron,40,VE,1527804000,49,10.49,-68.2,89.6,8.05
kodinsk,76,RU,1527806968,76,58.6,99.18,56.48,11.99
sao gabriel,92,BR,1527807183,99,-30.34,-54.32,62.96,7.85
campo grande,20,BR,1527804000,64,-20.46,-54.62,75.2,5.82
alenquer,0,BR,1527804000,83,-1.95,-54.74,80.6,4.7
marienburg,75,DE,1527805200,88,52.12,9.98,71.6,1.12
lewisporte,75,CA,1527804000,76,49.25,-55.06,48.2,14.99
kangaatsiaq,92,GL,1527807185,87,68.31,-53.46,34.34,26.08
elur,75,IN,1527805800,94,10.07,76.3,80.6,4.7
lonar,56,IN,1527807187,89,19.99,76.52,73.76,3.38
kaithal,0,IN,1527807187,61,29.8,76.4,83.03,10.98
nizhnevartovsk,90,RU,1527804000,76,60.93,76.58,50.0,13.42
tazovskiy,48,RU,1527807188,100,67.47,78.7,30.47,10.87
coahuayana,0,MX,1527807189,32,18.62,-100.35,91.58,2.93
caborca,8,MX,1527807190,11,30.58,-111.1,90.32,8.19
tooele,1,US,1527804900,17,40.53,-112.3,87.8,20.8
lethbridge,90,CA,1527805740,100,49.69,-112.85,46.4,10.29
kaitangata,0,NZ,1527807191,75,-46.28,169.85,40.91,4.38
dunedin,0,NZ,1527807191,81,-45.87,170.5,37.22,4.05
hunterville,68,ZA,1527807191,100,-26.77,27.93,49.73,10.2
kaeo,64,NZ,1527807192,73,-35.1,173.78,60.08,13.89
isangel,100,VU,1527807192,100,-19.55,169.27,76.28,6.85
beringovskiy,8,RU,1527807096,95,63.05,179.32,34.79,7.85
leningradskiy,0,RU,1527807193,95,69.38,178.42,33.71,6.4
sibolga,36,ID,1527807194,100,1.74,98.78,71.06,2.26
ranong,88,TH,1527807194,100,9.96,98.62,79.79,3.6
pyinmana,64,MM,1527807194,96,19.74,96.21,73.85,3.15
yumen,12,CN,1527807195,28,40.29,97.04,62.69,21.5
kungurtug,92,RU,1527807195,95,50.6,97.53,35.24,7.4
baykit,76,RU,1527807195,64,61.68,96.39,42.8,7.63
soldotna,75,US,1527803760,43,60.48,-151.07,55.4,8.05
savelugu,56,GH,1527807199,79,9.63,-0.83,78.17,7.52
tessalit,8,ML,1527807039,15,20.2,1.01,84.02,8.41
onda,20,ES,1527805800,73,39.96,-0.26,69.8,5.82
bayeux,0,FR,1527805800,93,49.28,-0.7,66.2,5.82
lerwick,92,GB,1527805200,81,60.15,-1.15,53.6,3.36
brae,92,GB,1527805200,81,60.4,-1.35,53.6,3.36
rio gallegos,0,AR,1527804000,65,-51.62,-69.22,41.0,18.34
neuquen,0,AR,1527804000,70,-38.95,-68.06,44.6,3.36
san juan,75,PH,1527804000,89,14.6,121.03,84.2,4.7
uyuni,0,BO,1527807202,25,-20.46,-66.82,32.63,7.96
senador guiomard,20,BR,1527804000,65,-10.15,-67.74,82.4,5.82
sao gabriel da cachoeira,48,BR,1527807098,94,-0.13,-67.09,76.19,0.36
tinaquillo,40,VE,1527804000,49,9.92,-68.31,89.6,8.05
samana,0,EC,1527804000,78,0.12,-76.97,80.6,4.7
hamilton,90,BM,1527803700,78,32.3,-64.78,77.0,11.41
nantucket,1,US,1527804900,77,41.28,-70.1,64.4,10.29
baie-comeau,1,CA,1527804000,62,49.22,-68.15,68.0,6.93
karratha,24,AU,1527807205,71,-20.74,116.85,65.48,4.5
ambulu,24,ID,1527807205,100,-8.35,113.61,73.67,4.16
kapit,80,MY,1527807205,98,2.02,112.94,73.67,2.71
zhuhai,0,CN,1527804000,47,40.71,112.04,57.2,4.47
honghu,68,CN,1527807206,88,29.82,113.46,69.53,6.17
datong,12,CN,1527807206,57,40.09,113.3,63.95,3.71
aksha,0,RU,1527807206,71,50.28,113.29,69.98,4.05
peleduy,8,RU,1527807207,76,59.63,112.75,62.87,3.15
ixtapa,5,MX,1527803100,70,20.71,-105.21,87.8,12.75
benjamin hill,24,MX,1527807210,11,30.17,-111.1,90.95,9.19
price,1,US,1527803580,5,39.6,-110.81,82.4,19.46
medicine hat,90,CA,1527805980,100,50.04,-110.68,50.0,12.75
morehead,90,US,1527806040,93,38.18,-83.43,66.2,3.36
ichinohe,90,JP,1527804240,93,40.14,141.28,59.0,2.24
boshnyakovo,0,RU,1527807213,65,49.65,142.17,53.69,6.17
chiquilistlan,12,MX,1527807215,46,20.09,-103.86,83.75,3.15
zabol,0,IR,1527807217,46,31.03,61.49,82.04,14.79
hazorasp,0,UZ,1527804000,39,41.32,61.08,62.6,4.7
dombarovskiy,92,RU,1527807217,98,50.76,59.54,48.02,6.51
volchansk,88,RU,1527807217,85,59.94,60.08,35.33,5.95
pouebo,0,NC,1527807219,72,-20.4,164.57,75.47,5.17
denpasar,56,ID,1527807221,100,-8.65,115.22,71.42,2.04
amuntai,88,ID,1527807221,99,-2.42,115.25,73.58,2.71
daye,20,CN,1527807221,94,30.1,114.98,68.72,3.15
xuanhua,0,CN,1527807222,37,40.61,115.04,68.9,3.15
nizhniy tsasuchey,0,RU,1527807222,83,50.52,115.13,74.48,4.72
lensk,8,RU,1527807222,67,60.71,114.91,61.43,3.27
sao joao da barra,0,BR,1527804000,83,-21.64,-41.05,71.6,6.93
olinda,75,EC,1527804000,74,-2.03,-79.75,80.6,9.17
ponta delgada,20,PT,1527805800,82,37.73,-25.67,64.4,8.05
general roca,0,AR,1527804000,70,-39.03,-67.58,44.6,3.36
la rioja,92,AR,1527807226,100,-29.41,-66.86,47.3,5.84
placido de castro,0,BR,1527807226,97,-10.34,-67.19,72.95,2.04
ocumare del tuy,20,VE,1527807600,74,10.11,-66.78,82.4,6.93
hatillo,75,PR,1527803400,83,18.49,-66.83,75.2,9.17
port-cartier,20,CA,1527804000,44,50.03,-66.88,60.8,8.05
narsaq,20,GL,1527803400,79,60.91,-46.05,44.6,3.36
pacific grove,75,US,1527806100,59,36.62,-121.92,64.4,14.99
prince rupert,1,CA,1527804000,62,54.32,-130.32,55.4,8.05
laguna,20,MX,1527803040,7,27.52,-110.01,104.0,11.41
lagoa da prata,32,BR,1527807230,61,-20.02,-45.54,61.52,5.73
gilbues,0,BR,1527807231,42,-9.83,-45.34,76.28,7.52
carutapera,20,BR,1527807231,94,-1.2,-46.02,77.18,4.38
cayenne,75,GF,1527804000,100,4.94,-52.33,77.0,8.05
bathsheba,40,BB,1527804000,78,13.22,-59.52,80.6,18.34
torbay,90,CA,1527804000,100,47.66,-52.73,37.4,18.34
nanortalik,0,GL,1527807232,94,60.14,-45.24,34.79,5.95
ilulissat,92,GL,1527803400,64,69.22,-51.1,39.2,16.11
yendi,48,GH,1527807233,97,9.45,0.0,74.21,4.61
le havre,75,FR,1527805800,77,49.49,0.11,66.2,3.36
chicama,90,PE,1527804000,88,-7.84,-79.15,64.4,9.17
manta,0,RO,1527807238,88,45.1,24.1,57.74,2.59
mercedes,92,UY,1527807238,98,-33.25,-58.03,51.98,15.79
guane,92,CU,1527807238,84,22.2,-84.09,79.61,4.83
tallahassee,75,US,1527804900,70,30.44,-84.28,91.4,9.17
tipp city,75,US,1527804900,83,39.96,-84.17,78.8,5.82
hearst,92,CA,1527807239,100,49.69,-83.67,48.38,11.43
tapalpa,12,MX,1527807240,46,19.94,-103.76,83.75,3.15
puerto penasco,0,MX,1527807243,84,31.32,-113.53,76.64,9.42
claresholm,90,CA,1527805980,87,50.02,-113.58,44.6,11.41
lavrentiya,80,RU,1527807245,94,65.58,-170.99,33.44,3.6
soe,0,EE,1527803400,75,57.91,26.05,42.8,2.24
dandong,0,CN,1527807247,48,40.12,124.37,75.38,3.49
alihe,0,CN,1527807247,63,50.57,123.73,74.12,3.6
nokaneng,80,BW,1527807248,40,-19.66,22.19,68.18,8.86
boende,76,CD,1527806983,100,-0.28,20.88,70.79,2.04
awjilah,0,LY,1527807249,29,29.14,21.3,78.35,11.65
grevena,0,GR,1527807249,98,40.09,21.43,53.42,3.71
debica,0,PL,1527805800,82,50.05,21.41,62.6,1.12
naantali,0,FI,1527805200,70,60.45,22.03,46.4,5.82
skjervoy,32,NO,1527807219,93,70.03,20.97,43.97,16.69
avera,1,US,1527806100,62,33.19,-82.53,87.8,6.93
kailua,75,US,1527803760,54,21.39,-157.74,84.2,23.04
northam,48,GB,1527805200,100,51.04,-4.21,62.6,2.24
roebourne,24,AU,1527807253,71,-20.77,117.15,65.48,4.5
bontang,88,ID,1527807253,100,0.12,117.47,77.63,6.29
tagusao,92,PH,1527807254,100,9.19,117.81,73.22,2.26
jiazi,0,CN,1527804000,94,19.61,110.49,80.6,2.24
chizhou,12,CN,1527807254,93,30.67,117.49,66.47,4.16
fengrun,0,CN,1527807254,51,39.83,118.12,80.78,4.38
zabaykalsk,36,CN,1527807254,48,49.64,117.33,77.0,4.61
suntar,8,RU,1527807255,45,62.16,117.65,66.29,6.73
hualmay,32,PE,1527807258,98,-11.1,-77.61,60.62,4.72
san jose,48,PH,1527807121,76,15.79,120.99,83.39,2.37
seybaplaya,90,MX,1527803040,58,19.65,-90.67,86.0,23.04
new iberia,1,US,1527806100,62,30.0,-91.82,91.4,11.41
quincy,75,US,1527806100,74,30.59,-84.58,89.6,8.05
christchurch,8,NZ,1527805800,75,-43.53,172.64,44.6,2.24
gisborne,0,NZ,1527807261,76,-38.66,178.02,55.31,4.38
russell,40,AR,1527804000,86,-33.01,-68.8,41.0,12.75
knysna,0,ZA,1527805320,36,-34.04,23.05,64.4,24.16
prieska,0,ZA,1527807263,73,-29.67,22.74,32.18,7.18
sehithwa,76,BW,1527807264,46,-20.47,22.7,68.81,8.86
basoko,64,CD,1527807264,100,1.23,23.61,69.98,3.83
jalu,0,LY,1527807264,33,29.03,21.55,73.04,5.17
jaroslaw,0,PL,1527805800,82,50.02,22.68,62.6,1.12
hanko,0,FI,1527807265,90,59.83,22.95,53.78,3.71
oksfjord,75,NO,1527805200,65,70.24,22.35,48.2,11.41
bosaso,80,SO,1527807266,99,11.28,49.18,85.37,2.71
riyadh,0,SA,1527804000,16,24.63,46.72,93.2,4.7
sabirabad,0,AZ,1527807267,79,40.01,48.48,58.37,2.93
aleksandrov gay,88,RU,1527807267,67,50.14,48.57,50.18,14.67
oparino,64,RU,1527807267,50,59.85,48.28,36.5,9.31
passo de camaragibe,40,BR,1527804000,83,-9.24,-35.49,73.4,4.7
luderitz,0,NA,1527807272,90,-26.65,15.16,52.25,3.94
namibe,0,AO,1527806994,100,-15.19,12.15,72.32,13.56
luanda,12,AO,1527807273,99,-8.83,13.24,72.86,6.62
port-gentil,40,GA,1527804000,83,-0.72,8.78,80.6,6.93
kontagora,8,NG,1527807273,80,10.4,5.47,78.62,4.38
arlit,0,NE,1527807014,21,18.74,7.39,76.73,4.27
mahon,75,IE,1527804000,100,51.89,-8.4,57.2,3.36
wiltz,75,LU,1527805200,88,49.97,5.93,66.2,13.87
rosendal,0,SE,1527805200,58,59.83,17.63,53.6,4.7
sistranda,0,NO,1527803400,71,63.73,8.83,57.2,13.87
comodoro rivadavia,0,AR,1527804000,93,-45.87,-67.48,37.4,2.24
viedma,56,AR,1527807275,75,-40.81,-62.99,39.47,2.37
san francisco,20,US,1527806400,71,37.78,-122.42,71.6,14.99
charagua,90,BO,1527804000,88,-19.79,-63.2,66.2,5.82
ariquemes,36,BR,1527807277,76,-9.91,-63.03,79.43,2.15
barcelos,20,PT,1527805800,87,41.53,-8.62,57.2,2.24
maturin,75,VE,1527804000,66,9.75,-63.18,84.2,8.41
the valley,20,AI,1527804000,69,18.22,-63.06,82.4,13.87
liverpool,0,GB,1527805200,82,53.41,-2.98,64.4,4.7
havre-saint-pierre,1,CA,1527804000,36,50.23,-63.6,60.8,5.82
pangnirtung,90,CA,1527804000,80,66.15,-65.72,30.2,11.41
coihaique,20,CL,1527804000,92,-45.58,-72.07,30.2,2.24
acari,8,BR,1527807279,84,-6.44,-36.64,71.24,12.33
huanuco,36,PE,1527807279,80,-9.93,-76.24,50.18,2.93
nueva loja,0,EC,1527804000,78,0.08,-76.88,80.6,4.7
san antero,20,CO,1527804000,66,9.38,-75.76,91.4,6.73
guisa,40,CU,1527803400,66,20.25,-76.54,84.2,16.11
lancaster,40,US,1527805020,88,40.04,-76.31,77.0,8.05
matagami,8,NG,1527807280,91,9.67,8.4,65.93,2.93
la union,68,GT,1527807282,88,14.97,-89.29,74.21,1.59
agustin codazzi,40,CO,1527804000,55,10.03,-73.24,91.4,4.7
acapulco,5,MX,1527803100,66,16.86,-99.88,89.6,6.93
tlazazalca,5,MX,1527803100,51,19.97,-102.06,82.4,9.17
del rio,1,US,1527803880,44,29.36,-100.9,96.8,11.41
moosomin,56,CA,1527807285,62,50.14,-101.67,71.6,5.17
flin flon,90,CA,1527804000,76,54.77,-101.88,48.2,11.41
bundaberg,0,AU,1527807286,100,-24.87,152.35,58.46,16.69
omsukchan,68,RU,1527807287,65,62.53,155.8,40.37,5.61
hervey bay,0,AU,1527807288,100,-25.3,152.85,59.54,9.53
corinto,36,BR,1527807291,62,-18.36,-44.46,65.3,5.61
tzucacab,20,MX,1527807291,59,20.07,-89.05,85.91,6.4
gulfport,20,US,1527803760,66,30.37,-89.09,89.6,10.29
decatur,20,US,1527805200,83,35.51,-84.79,80.6,5.82
thunder bay,90,CA,1527804000,88,48.41,-89.26,62.6,10.29
kieta,88,PG,1527807293,100,-6.22,155.63,80.6,4.61
palana,92,RU,1527807294,97,59.08,159.95,35.78,8.3
panguipulli,20,CL,1527804000,87,-39.64,-72.33,42.8,3.36
cap-haitien,8,HT,1527807295,87,19.76,-72.2,81.5,17.25
mastic beach,90,US,1527804900,88,40.77,-72.85,68.0,14.99
gazli,0,UZ,1527807298,37,40.13,63.45,54.59,3.6
uray,56,RU,1527807298,84,60.13,64.8,39.2,7.07
atambua,8,ID,1527807299,96,-9.11,124.89,79.52,8.86
tondano,40,ID,1527805800,100,1.3,124.91,75.2,2.24
kuandian,0,CN,1527807300,74,40.73,124.78,71.15,3.49
nenjiang,32,CN,1527807300,55,49.17,125.23,76.46,13.44
opuwo,0,NA,1527807302,66,-18.06,13.84,51.8,4.5
libreville,20,GA,1527804000,83,0.39,9.45,82.4,5.82
jos,12,NG,1527807108,83,9.92,8.9,67.55,2.37
nalut,8,LY,1527807302,60,31.86,10.98,71.15,5.95
nuoro,20,IT,1527805200,88,40.32,9.33,69.8,5.82
aschaffenburg,75,DE,1527805200,73,49.97,9.15,71.6,5.82
notodden,0,NO,1527805200,59,59.56,9.26,62.6,2.24
sorland,92,NO,1527807303,99,67.67,12.69,46.58,10.76
springville,75,US,1527804900,21,40.17,-111.61,86.0,6.93
bow island,90,CA,1527805980,100,49.87,-111.38,50.0,12.75
santa maria,75,BR,1527804000,68,-29.69,-53.81,69.8,5.82
lazaro cardenas,20,MX,1527802980,9,28.39,-105.62,102.2,6.93
tomatlan,88,MX,1527807057,85,19.93,-105.25,80.6,3.27
san buenaventura,40,MX,1527803280,37,27.06,-101.55,102.2,13.87
glenwood springs,1,US,1527805800,21,39.55,-107.33,89.6,9.17
gravelbourg,100,CA,1527807311,83,49.88,-106.56,56.03,10.65
oyama,20,JP,1527804000,72,36.31,139.8,66.2,6.93
la libertad,0,PE,1527804000,20,-16.38,-71.56,62.6,4.7
hecelchakan,90,MX,1527803040,58,20.17,-90.13,86.0,23.04
new orleans,90,US,1527804900,66,29.95,-90.07,89.6,9.17
dwarka,0,IN,1527804000,49,28.58,77.04,91.4,14.99
nushki,0,PK,1527807317,45,29.55,66.02,56.03,2.71
navoi,0,IT,1527805200,73,46.17,11.83,73.4,2.24
derzhavinsk,12,KZ,1527807318,41,51.1,66.31,60.62,23.51
colac,0,AU,1527807319,94,-38.34,143.59,48.2,2.59
wewak,56,PG,1527807319,100,-3.55,143.63,76.37,2.59
miyako,20,JP,1527804000,72,33.63,130.94,66.2,5.82
ponnani,40,IN,1527805800,83,10.77,75.93,78.8,2.24
yeola,20,IN,1527807324,93,20.04,74.48,74.84,6.4
dabwali,0,IN,1527807324,47,29.95,74.74,85.82,11.21
lokosovo,92,RU,1527807324,99,61.13,74.84,48.2,14.79
huallanca,20,PE,1527807326,55,-9.9,-76.94,46.31,0.58
yara,64,CU,1527807326,68,20.27,-76.95,81.68,9.08
hanover,75,DE,1527805200,88,52.37,9.74,71.6,1.12
alegrete,92,BR,1527807328,98,-29.79,-55.79,64.13,7.07
san carlos de bariloche,0,AR,1527804000,86,-41.13,-71.31,33.8,2.24
manoel urbano,44,BR,1527807330,96,-8.84,-69.26,73.58,1.7
mitu,0,IR,1527807330,53,36.2,46.09,54.68,3.38
carora,0,VE,1527807331,43,10.17,-70.08,84.2,15.35
sosua,20,DO,1527804000,79,19.77,-70.52,84.2,17.22
forestville,40,CA,1527804000,52,48.74,-69.09,68.0,4.7
porbandar,0,IN,1527807333,87,21.64,69.61,80.6,8.63
mach,0,PK,1527807333,46,29.87,67.33,53.24,2.71
panjakent,0,UZ,1527804000,59,39.5,67.61,60.8,4.7
kondinskoye,68,RU,1527807334,89,59.65,67.41,42.35,6.06
aksarka,92,RU,1527807334,97,66.56,67.8,32.27,23.06
puerto asis,36,CO,1527807211,98,0.51,-76.5,72.14,2.93
san onofre,8,CO,1527807335,87,9.74,-75.52,82.85,6.73
el cobre,40,CU,1527803460,65,20.05,-75.95,82.4,5.82
launceston,0,AU,1527805800,97,-41.43,147.14,33.8,4.7
narrabri,0,AU,1527807120,56,-30.33,149.78,49.73,6.17
bowen,0,AU,1527804000,87,-20.01,148.25,50.0,17.81
port moresby,0,PG,1527807338,92,-9.47,147.16,80.24,22.28
nemuro,44,JP,1527807338,98,43.32,145.57,47.39,24.74
vostok,0,RU,1527807338,85,46.45,135.83,62.78,2.71
ust-omchug,32,RU,1527807339,50,61.13,149.63,44.42,4.16
huarmey,0,PE,1527807340,81,-10.07,-78.15,61.52,3.04
quito,68,EC,1527807072,100,-0.22,-78.51,59.54,0.92
nargana,64,PA,1527807340,100,9.44,-78.59,82.13,5.84
santa cruz del sur,64,CU,1527807341,93,20.71,-78.0,75.65,4.72
edgewater,90,US,1527806460,88,28.99,-80.9,80.6,5.82
cumberland,1,US,1527806100,56,41.97,-71.43,78.8,11.41
goya,92,AR,1527807344,100,-29.14,-59.27,54.68,19.71
fuerte olimpo,92,BR,1527807344,61,-21.04,-57.87,79.7,13.67
aripuana,24,BR,1527807345,78,-9.17,-60.63,80.87,1.59
urucara,0,BR,1527807345,79,-2.54,-57.76,80.24,3.49
saint-augustin,0,FR,1527805800,87,44.83,-0.61,60.8,4.7
maniitsoq,92,GL,1527807346,94,65.42,-52.9,33.71,32.91
lugovoy,48,RU,1527807350,84,59.72,65.88,39.2,7.18
diu,0,IN,1527807353,94,20.71,70.98,74.84,4.61
dunyapur,0,PK,1527803580,24,29.8,71.74,95.0,9.17
shakhtinsk,0,KZ,1527804000,56,49.71,72.59,44.6,15.66
salym,92,RU,1527807354,97,60.06,71.48,50.0,5.17
juneau,40,US,1527803760,48,58.3,-134.42,60.8,11.41
kaduna,12,NG,1527807107,85,10.52,7.44,72.32,3.04
alghero,0,IT,1527805200,100,40.56,8.32,60.8,2.24
morbach,0,DE,1527805200,82,49.52,10.62,68.0,3.36
eidfjord,24,NO,1527807361,76,60.47,7.07,49.55,1.59
ahipara,56,NZ,1527807362,98,-35.17,173.16,58.19,13.78
sola,0,FI,1527805200,75,62.78,29.36,42.8,3.36
